
605397
742766
859098
914457
964551
1076801
1097381
1116013
1141055
1326036
1355763
1451493
1518693
1552012
1564073
1575957
1803590
1894924
1899772
1952274
1970040
1978344
2071713
2093401
2103171
2148155
2191468
2248388
2255866
2311867
2391684
2424506
2518885
2566580
2588239
2606817
2609293
2621908
2649392
2695565
2736767
2806494
2876511
2893074
2926909
2930767
3026820
3045627
3089508
3317300
3332275
3361733
3386936
3397252
3455871
3489653
3639302
3647210
3663474
3681071
3684208
3696371
3697214
3737418
3744337
3779453
3803006
3818278
3823388
3833941
3878130
3916527
3948941
3977284
3985832
3998858
4020312
4050846
4069680
4075644
4094415
4134208
4140218
4225047
4231208
4249618
4285953
4301295
4380045
4381304
4394672
4405828
4428387
4451580
4452042
4474712
4476994
4478600
4523735
4537450
4563134
4597517
4607917
4613270
4650966
4663385
4669716
4704242
4706721
4715266
4716141
4716826
4752983
4758989
4807621
4828671
4832463
4840462
4876371
4905387
4907830
4909059
4912695
4914644
4957183
4959317
5059065
5097579
5100596
5101603
5111530
5126622
5128541
5133380
5135814
5144597
5179829
5190366
5203010
5217756
5232255
5255227
5283977
5286645
5308030
5314339
5370435
5414244
5419988
5452342
5459747
5465793
5486159
5543723
5552688
5567545
5598800
5621613
5674659
5687039
5694471
5695351
5706786
5721350
5737553
5776055
5783593
5789835
5795755
5804744
5807837
5815306
5816878
5848570
5852884
5869017
5905124
5906181
5908543
5913490
5918793
5934641
5937700
5950645
5958997
5960385
5966720
5966876
5975841
5977507
5979916
5982586
6008322
6026356
6038090
6043891
6055812
6061082
6087066
6105469
6114923
6118113
6127969
6135142
6147344
6150595
6158687
6164248
6167465
6170443
6193020
6197882
6198187
6202091
6202363
6218482
6218711
6235154
6251312
6256907
6291503
6297180
6315734
6352487
6356135
6366034
6406188
6406866
6428089
6436268
6445306
6452525
6456199
6473051
6484850
6485696
6487190
6493436
6502929
6504986
6507268
6507628
6515978
6524428
6577356
6591622
6596389
6598662
6599376
6627565
6637101
6657825
6672814
6675637
6689701
6721065
6734308
6751267
6759793
6786579
6790793
6812748
6816915
6818222
6819466
6824867
6835105
6861710
6867839
6868334
6874264
6888066
6888196
6898597
6914275
6924455
6928050
6932651
6934519
6948859
7017816
7034338
7041845
7046054
7046120
7061179
7061712
7063230
7091768
7096206
7097982
7101812
7155771
7158063
7171561
7180237
7184419
7188039
7198598
7198733
7199406
7216770
7224170
7231250
7235997
7236764
7273216
7280093
7299940
7322437
7323808
7351491
7362458
7379137
7416398
7459242
7465422
7470414
7481897
7505248
7506873
7529999
7563121
7566078
7598702
7643734
7651133
7683880
7684142
7688014
7705635
7707915
7715274
7730712
7738874
7753777
7757520
7764523
7800392
7812810
7815627
7818423
7820182
7842692
7877282
7884903
7899866
7910886
7973921
7974060
7989453
7995025
8002732
8010198
8011217
8011830
8020929
8022636
8052196
8059441
8078397
8089577
8119716
8130145
8153701
8168434
8173390
8208334
8222953
8223913
8243236
8249986
8281467
8310235
8321696
8351603
8354794
8360861
8385169
8392195
8413241
8426717
8428418
8441217
8460081
8473276
8482181
8492580
8501002
8539540
8542555
8548989
8562661
8642484
8651106
8712767
8753260
8761896
8763775
8898427
8905168
8951214
8951673
8959541
8997968
9098388
9100304
9103891
9170820
9203235
9214571
9224963
9239547
9285648
9330841
9374464
9379169
9425976
9485346
9511266
9511678
9516735
9526546
9529608
9545977
9581113
9582877
9592794
9600708
9613341
9696013
9759903
9764543
9841926
9858886
9889685
9891376
9910095
10008094
10021139
10043753
10090227
10108230
10111491
10115965
10161009
10179755
10208116
10228631
10244301
10254412
10264224
10264647
10266485
10270530
10321507
10341520
10454519
10465787
10486280
10488263
10527155
10527954
10528471
10555979
10619674
10626779
10655765
10675437
10693556
10703548
10732682
10741537
10753238
10763039
10804347
10834601
10887893
10890224
10920507
10929682
10943864
10950589
10951744
10957776
11024139
11024667
11032306
11045448
11134845
11144759
11155788
11155971
11184635
11190364
11204259
11207736
11230265
11323480
11328356
11369650
11373840
11376336
11379378
11382262
11389115
11396158
11399251
11458395
11490976
11570412
11597278
11598206
11599144
11604489
11620270
11627520
11675835
11683802
11723552
11792205
11810609
11838965
11846098
11850072
11873179
11917860
11954953
11959219
11996510
12022122
12057178
12144084
12148280
12246934
12248077
12257162
12269939
12293028
12293245
12324575
12342988
12374543
12400724
12401788
12422265
12468333
12472556
12513125
12527939
12615508
12623776
12627935
12772574
12778696
12812672
12814916
12817399
12849698
12861683
12888629
12907343
12910562
12947617
12985278
12990969
13158944
13168343
13182691
13244380
13260750
13297776
13326355
13336192
13385527
13426421
13437485
13495647
13562175
13592222
13628563
13653670
13675652
13724574
13775162
13808720
13821837
13890122
13911020
13920545
13932042
13953740
14003008
14010540
14021524
14047249
14072267
14072613
14121867
14343670
14371813
14454815
14467109
14513588
14522487
14548486
14552673
14560480
14564956
14600120
14663889
14700311
14746223
14797222
14809734
14824234
15048660
15111765
15140534
15142887
15154020
15166003
15244045
15411449
15424763
15549916
15562838
15567005
15602017
15621356
15703799
15717366
15722218
15732035
15833305
15841042
15843243
15875364
15881597
15890392
15914089
15935641
15941429
15941642
15949390
15994040
16011537
16018129
16025587
16056051
16092208
16106107
16107371
16142615
16182426
16202968
16215815
16295122
16360973
16367000
16413044
16489937
16567217
16593494
16594845
16626637
16657801
16660368
16687129
16703710
16727968
16737770
16742898
16793160
16812048
16846851
16861175
16877939
16895341
16952745
16953867
16954687
17023918
17023942
17090131
17108633
17128153
17142060
17211139
17259227
17263302
17292827
17326557
17335147
17390244
17466943
17470271
17495715
17515957
17526605
17534992
17549329
17570688
17583914
17598694
17627796
17666381
17682942
17746646
17788927
17813398
17842203
17848858
17851612
17911154
17932631
17954149
18020254
18113517
18199335
18208925
18239350
18258251
18279230
18329230
18359613
18363413
18416865
18534101
18565857
18575645
18588689
18606800
18623767
18719173
18732858
18800101
18869873
18877275
19048005
19089822
19099332
19121726
19165176
19187455
19220240
19271566
19312173
19317526
19376774
19410049
19511536
19552307
19557336
19560858
19588335
19599600
19810624
19926266
19933091
20015063
20056156
20068370
20127184
20227047
20235330
20393973
20512306
20518271
20627259
20632665
20636901
20669153
20674317
20733125
20737347
20815725
20926108
21007672
21059535
21077676
21144366
21147599
21166542
21184755
21221133
21323829
21664949
21796227
22034518
22188074
22193962
22205071
22258476
22266973
22274922
22291308
22315312
22498077
22518388
22518466
22587435
22701212
22930540
23005815
23111903
23169807
23261134
23289249
23303364
23340216
23462141
23538811
23553406
23593452
23631317
23651391
23880284
23980012
23984053
24028157
24041241
24074097
24135522
24143873
24210213
24218273
24271121
24364370
24566500
24603398
24649435
24697445
24709749
24892944
24944052
24963580
25023536
25035947
25058678
25061698
25236518
25487872
25544325
25569492
25688001
25745187
25794228
25959987
26077278
26169523
26189252
26269473
26349725
26522526
26583246
26762701
26767129
26862379
26995608
27079546
27160666
27359170
27466363
27566796
27635087
27721735
27856952
27917274
27930257
27965000
27981630
28044652
28062450
28169894
28338281
28397849
28422737
28427067
28544367
28718964
28979045
29060062
29078691
29086386
29147730
29174118
29283125
29379543
29438702
29491265
29553071
29615752
29633801
29640065
29675472
29685716
29733041
29759762
29790473
29863100
29894384
30062706
30159694
30188147
30211392
30243059
30316771
30380959
30466795
30539219
30754581
30809290
30832712
30849733
30880768
30902462
31029653
31246896
31290153
31598031
31664460
31797030
32051610
32199828
32390655
32432573
32435530
32473146
32558100
32704096
32852664
32898799
32910155
32975153
32999547
33030879
33065588
33080442
33245196
33251497
33390258
33441313
33466618
33656065
33748890
33762446
33778871
33835066
34020822
34205063
34314153
34366423
34541962
34547488
34957106
35135897
35288449
35326350
35375362
35613377
35681466
36044043
36055047
36513135
36568622
36569508
36667854
36864269
36864568
37027692
37123839
37129212
37136597
37153960
37183529
37344242
37760510
38014069
38047658
38050289
38459052
38658542
38869842
39040874
39067296
39274585
39480753
39512295
40054165
40079208
40104748
40260779
40288965
40289932
40345849
40581654
40641332
40859189
40896455
41075122
41145048
41227670
41344182
41409101
41523006
41956804
42052034
42059666
42712669
42866446
42908249
43153530
43246272
43315357
43342849
43392671
43436515
43702517
43707572
43716380
44072660
44074922
44124366
44195481
44368168
44473872
44796218
44913570
45300082
45326260
45435419
45454420
45596343
45825781
45874112
46061178
46128451
46262214
46443990
46544307
46593222
46770973
46908188
47329972
47537258
48199039
48227029
48748824
48835309
48936772
49152240
49373055
49417768
49683955
49700306
49703036
50063987
50178354
50225282
50253149
50275987
50363856
50473468
50528927
50682007
50693190
50744432
50747756
50887753
50966248
51101805
51158635
51318569
51447745
51595829
51636397
51699534
51829183
52038969
52114044
52257983
52258093
52451421
52531614
52629576
52659748
52817037
52876990
53000662
53034821
53106160
53255394
53445451
53499426
54080386
54408858
54467721
54473446
54563980
54779179
54877583
54902947
54968210
55426197
55599429
55699655
55800970
55844493
55873034
55881632
55901750
56047809
56246392
56258774
56335797
56878809
57195570
57526705
57529728
57691764
57776116
58016130
58079586
58484311
58495759
58507573
58559227
58854272
58855089
58898855
59148648
59167156
59397463
60010414
60214731
60441601
60566015
60699563
60728111
60728719
60954892
60991099
61010679
61133590
61292151
61656035
61750509
61924141
62159871
62858885
62941129
63012012
63064971
63127024
63329499
63374858
63494986
63796755
64181544
64261610
64370605
64625803
65401813
65434623
65523522
65578647
66082753
66231209
66334960
66660706
67133991
67618507
67678581
67743125
67843134
