605397
859098
1141055
1552012
1575957
1899772
2071713
2103171
2191468
2566580
2588239
2609293
2621908
2876511
3026820
3045627
3397252
3663474
3684208
3696371
3697214
3878130
3985832
4050846
4134208
4225047
4231208
4405828
4478600
4563134
4669716
4704242
4914644
4957183
5101603
5111530
5126622
5135814
5144597
5190366
5232255
5286645
5552688
5621613
5706786
5776055
5783593
5789835
5804744
5807837
5852884
5966720
5975841
5977507
5982586
6038090
6061082
6087066
6114923
6170443
6202091
6251312
6297180
6352487
6406188
6485696
6487190
6493436
6507268
6596389
6675637
6734308
6868334
6888066
6898597
6948859
7046054
7061712
7096206
7235997
7416398
7459242
7505248
7563121
7566078
7643734
7651133
7683880
7684142
7705635
7738874
7764523
7820182
7842692
7877282
7884903
7910886
7974060
8010198
8020929
8052196
8078397
8089577
8130145
8281467
8321696
8354794
8385169
8392195
8428418
8441217
8482181
8539540
8542555
8642484
8651106
9170820
9239547
9485346
9511678
9516735
9696013
9759903
9858886
10021139
10111491
10115965
10228631
10264647
10454519
10465787
10732682
10741537
10763039
10804347
10887893
10890224
10957776
11045448
11144759
11184635
11230265
11323480
11328356
11369650
11458395
11490976
11627520
11723552
11792205
11873179
11917860
12269939
12324575
12400724
12401788
12627935
12772574
12907343
12947617
13168343
13182691
13426421
13808720
13890122
13932042
13953740
14003008
14021524
14343670
14454815
14548486
15142887
15621356
15722218
15732035
15875364
15914089
15935641
15994040
16025587
16056051
16092208
16106107
16107371
16846851
16861175
16877939
16895341
16953867
17023918
17128153
17211139
17263302
17335147
17466943
17515957
17526605
17583914
17598694
17627796
17666381
17682942
17813398
17848858
17954149
18279230
18869873
19089822
19121726
19376774
19560858
19588335
19810624
20056156
20227047
20393973
20627259
20815725
21144366
22193962
22266973
22701212
23462141
23538811
23553406
23593452
23980012
23984053
24271121
24566500
25035947
25061698
25236518
25688001
25745187
26189252
26349725
27566796
27981630
28044652
28427067
28544367
29086386
29379543
29491265
29640065
29675472
29863100
30188147
30211392
30880768
32051610
32704096
32898799
32999547
33080442
33251497
33441313
33748890
34020822
34541962
34957106
35326350
35681466
36568622
36864568
38050289
39274585
39480753
39512295
40289932
40345849
41227670
42059666
42908249
43342849
43716380
44074922
44368168
44473872
45326260
45435419
46770973
48227029
48835309
48936772
50363856
50473468
50528927
50744432
51158635
51447745
52038969
52114044
52451421
53255394
54902947
55873034
56878809
57526705
58855089
59167156
60441601
60566015
60699563
60728719
61133590
61656035
63329499
63494986
64625803
66082753
66231209
66334960
