
163668
213332
236997
386068
445487
605397
658592
742766
859098
914457
964551
983763
1048666
1076801
1079592
1097381
1116013
1141055
1205210
1232677
1236109
1326036
1355763
1380897
1451493
1518693
1552012
1564073
1575957
1618779
1634690
1803590
1828771
1894924
1899772
1952274
1965316
1970040
1978344
2029200
2071713
2084630
2093401
2103171
2148155
2185475
2191468
2248275
2248388
2255866
2288000
2302585
2311867
2391684
2424506
2518885
2566580
2588239
2606817
2609293
2621908
2624166
2649392
2695565
2736767
2765537
2775404
2786204
2806494
2862740
2876511
2876734
2893074
2924831
2926909
2928209
2930767
2936792
2947286
3026820
3045059
3045627
3086875
3089508
3148842
3262825
3264582
3287523
3317300
3332275
3361733
3386936
3397252
3455871
3489653
3525164
3532891
3543901
3603818
3639302
3647210
3663474
3681071
3684208
3696371
3697214
3729504
3737418
3744337
3745689
3778716
3779453
3803006
3818278
3823388
3833941
3865098
3876507
3878130
3916527
3948941
3977284
3985832
3998858
4004439
4010404
4020312
4033251
4050846
4069680
4075644
4094415
4134208
4140218
4155886
4225047
4231208
4249618
4253680
4257050
4285953
4300027
4301295
4380045
4381304
4394672
4405828
4428387
4451580
4452042
4471687
4474712
4476994
4478600
4485704
4523735
4537450
4563134
4584580
4597182
4597517
4607917
4613270
4634075
4650966
4663385
4669716
4671987
4674092
4704242
4706721
4715266
4716141
4716826
4752983
4754781
4758989
4807621
4828671
4832463
4836949
4840462
4868649
4876371
4905387
4907830
4909059
4912695
4914644
4957183
4959170
4959317
5011170
5032225
5059065
5075227
5097579
5100596
5101603
5111530
5126622
5128541
5132002
5133380
5135814
5144597
5171900
5179829
5190366
5195874
5202618
5203010
5209414
5217756
5232255
5243503
5255227
5273956
5283977
5286645
5308030
5314339
5320230
5334160
5370435
5393164
5393714
5410075
5414244
5419988
5434979
5452342
5459747
5465793
5473474
5485302
5486159
5494375
5508743
5543723
5545471
5552688
5567545
5598800
5601677
5616603
5621613
5622918
5662953
5674659
5687039
5694471
5695351
5706786
5721350
5737553
5738750
5749838
5755506
5758104
5776055
5776284
5783593
5787143
5789835
5795755
5804744
5805383
5807837
5815306
5816878
5828021
5835792
5848570
5852884
5869017
5896086
5897717
5905124
5906181
5908543
5913490
5918793
5934641
5937700
5941432
5950645
5956737
5958997
5960385
5966720
5966876
5975841
5976921
5977507
5979916
5982586
6008322
6026356
6038090
6041635
6042509
6043891
6055812
6061082
6074224
6087066
6096339
6105469
6114923
6118113
6119543
6119844
6127969
6135142
6147344
6150595
6158687
6164248
6167465
6170443
6193020
6197882
6198187
6202091
6202363
6205947
6215208
6218482
6218711
6235154
6239807
6251312
6256907
6291503
6295950
6297180
6315734
6349164
6352487
6356135
6366034
6406188
6406866
6407724
6417783
6428089
6432530
6436268
6445306
6452525
6456199
6473051
6478819
6479876
6484850
6485696
6487190
6493436
6502459
6502929
6504986
6507268
6507628
6515978
6524428
6531779
6553792
6558333
6577356
6591622
6593701
6596389
6596603
6598662
6599376
6627565
6637101
6654313
6657825
6661905
6672814
6675637
6689701
6706898
6721065
6734308
6746573
6751267
6754927
6759793
6786579
6790793
6791050
6812748
6816915
6818222
6819466
6824867
6835105
6861710
6867839
6868334
6874264
6888066
6888196
6893131
6898597
6914275
6918653
6920769
6924455
6928050
6932651
6934519
6948859
6964589
7017816
7034338
7038584
7041845
7046054
7046120
7057215
7061179
7061712
7063230
7088571
7091768
7096206
7097982
7101812
7155771
7158063
7171561
7180237
7184419
7184759
7188039
7198598
7198733
7199406
7216770
7224170
7231250
7235997
7236764
7270975
7273216
7273280
7280093
7299940
7303004
7314383
7322437
7323808
7333561
7351491
7362458
7376292
7379137
7416398
7423394
7459242
7465422
7470414
7481897
7503986
7505248
7506873
7524933
7525172
7525365
7529999
7539636
7563121
7566078
7587128
7598702
7643734
7651133
7683880
7684142
7684447
7688014
7705635
7707915
7715274
7730712
7738874
7747390
7753777
7757520
7764523
7781713
7800392
7812810
7815627
7818423
7820182
7842692
7859983
7877282
7880821
7884903
7890894
7899866
7908018
7910886
7912029
7916891
7948398
7973921
7974060
7989453
7995025
8002732
8010198
8011217
8011830
8012221
8012614
8020929
8022636
8045651
8052196
8054722
8059441
8078397
8089577
8119716
8130145
8146018
8151967
8153701
8166381
8168434
8169442
8170937
8173390
8180528
8208334
8208362
8215060
8222953
8223913
8243236
8247261
8249986
8281467
8310235
8321696
8335819
8351603
8354794
8360861
8385169
8392195
8408702
8413241
8426717
8428418
8441217
8442167
8460081
8473276
8482181
8485900
8492580
8501002
8533439
8539540
8542555
8548989
8562661
8602063
8617982
8626745
8642484
8651106
8672046
8673831
8700033
8712767
8728314
8744848
8750483
8753260
8761896
8763775
8779454
8817727
8838537
8877308
8878795
8898427
8905168
8927060
8951214
8951673
8956817
8959541
8978433
8997968
9036480
9059636
9079879
9086785
9094947
9097740
9098388
9100304
9103891
9107109
9113342
9170820
9203235
9214571
9218001
9219519
9224963
9239547
9276075
9285648
9290853
9300985
9319263
9327296
9330841
9367312
9374464
9379169
9425976
9438622
9451140
9459423
9485346
9511266
9511678
9516735
9526546
9529608
9545977
9549859
9581113
9582877
9592794
9600708
9613341
9617064
9651659
9679882
9693679
9696013
9729808
9759903
9764543
9796145
9796716
9811047
9841926
9858886
9889685
9891376
9910095
10004366
10008094
10010539
10021139
10043753
10090227
10108230
10110213
10111491
10115965
10147652
10155332
10161009
10179755
10208116
10222490
10228631
10244301
10254412
10264224
10264647
10266485
10270530
10315960
10321507
10341520
10343315
10360329
10376506
10380256
10402637
10423577
10454519
10455310
10465787
10486280
10487818
10488263
10504537
10527155
10527954
10528471
10555979
10587544
10619674
10626779
10647959
10655765
10666029
10675437
10693556
10703548
10732682
10741537
10753238
10763039
10768850
10804347
10834601
10882080
10887893
10890224
10920507
10929682
10932054
10943864
10950589
10951744
10957776
10974870
11024139
11024667
11032306
11033532
11034587
11045159
11045448
11048667
11083125
11087274
11134845
11138045
11144759
11155788
11155971
11162226
11184635
11190364
11204259
11207619
11207736
11223881
11230265
11251533
11265766
11269669
11323480
11328356
11369650
11373840
11376336
11379378
11382262
11384554
11389115
11396158
11399251
11416565
11448258
11458395
11461786
11479334
11490976
11498340
11566376
11570412
11597278
11598206
11599144
11604489
11620270
11627520
11675835
11683802
11715951
11723552
11723636
11725981
11741458
11743472
11749149
11775936
11792205
11810522
11810609
11838965
11846098
11850072
11873179
11903529
11917860
11927391
11954953
11959219
11996510
12022122
12057178
12141916
12144084
12148280
12161377
12243224
12246934
12248077
12257162
12269939
12293028
12293245
12324575
12325607
12342988
12374543
12385540
12400724
12401788
12422265
12468333
12472556
12513125
12527939
12530916
12615508
12619019
12623776
12627935
12635557
12666989
12762102
12772574
12778696
12812672
12814916
12817399
12849698
12861683
12871101
12888629
12907343
12910562
12932827
12942605
12947617
12985278
12990969
12991371
13019905
13116833
13132619
13158944
13168343
13169487
13182691
13244380
13257760
13260750
13262940
13276452
13297776
13326355
13336192
13385527
13426421
13437485
13472200
13490560
13495647
13562175
13575259
13592222
13628563
13653670
13675652
13724574
13736789
13758463
13775162
13808720
13813829
13821837
13852493
13890122
13911020
13920545
13932042
13950466
13953740
13990887
13991817
14003008
14010290
14010540
14021524
14047249
14072267
14072613
14109414
14121867
14210502
14343670
14361537
14371813
14397096
14403845
14425022
14454815
14467109
14513588
14522487
14536869
14548486
14552673
14560480
14564956
14600120
14663889
14700311
14710167
14746223
14753743
14797222
14809734
14824234
14895058
15048660
15111765
15127607
15140534
15142887
15154020
15166003
15244045
15279482
15305351
15362174
15380933
15411449
15424763
15549916
15562838
15567005
15594806
15599252
15602017
15610217
15621356
15653871
15703799
15717366
15722218
15732035
15770912
15833305
15841042
15843243
15875364
15878117
15881597
15890392
15906106
15914089
15935641
15941429
15941642
15947059
15949390
15982329
15994040
16011537
16018129
16025587
16054758
16056051
16092208
16099972
16106107
16107371
16142615
16144127
16156720
16182426
16202968
16215815
16217425
16225086
16237888
16295122
16321458
16360973
16367000
16413044
16489937
16520387
16567217
16576190
16593494
16594845
16626637
16657801
16660368
16687129
16703710
16726177
16727968
16737770
16742898
16793160
16812048
16825828
16846851
16861175
16877939
16895341
16952745
16953867
16954687
17011581
17014259
17023918
17023942
17039571
17090131
17108633
17128153
17142060
17182775
17200216
17211139
17259227
17263302
17268309
17292827
17326557
17335147
17340535
17390244
17466943
17470271
17495715
17515957
17526605
17534992
17549329
17570688
17583914
17598694
17601202
17627796
17666381
17682942
17735895
17746646
17752042
17787293
17788927
17813398
17842203
17848858
17851612
17911154
17932631
17954149
18005787
18020254
18049593
18113517
18175133
18199335
18208925
18226088
18235083
18239350
18258251
18271674
18279230
18281660
18309078
18329230
18359613
18363413
18416865
18502381
18517719
18534101
18565857
18575645
18588689
18605979
18606800
18623767
18665586
18690809
18719173
18732858
18735833
18775328
18800101
18862942
18869873
18877275
18902857
18949646
19017699
19048005
19089822
19096522
19099332
19104698
19121726
19139170
19165176
19187455
19193393
19220240
19271566
19312173
19317526
19376774
19410049
19426174
19458745
19472532
19486428
19510235
19511536
19552307
19552439
19557336
19560858
19588335
19599600
19810624
19841573
19898172
19926266
19933091
20015063
20028742
20055813
20056156
20068370
20127184
20198809
20227047
20230646
20235330
20387590
20393973
20512306
20517387
20518271
20627259
20632665
20636901
20652000
20669153
20674317
20733125
20737347
20785493
20815725
20926108
20930532
21007672
21059535
21077676
21120146
21144366
21147599
21166542
21176832
21184755
21221133
21227808
21323829
21526207
21611724
21663986
21664949
21728078
21754090
21796227
22034031
22034518
22111586
22188074
22193962
22205071
22258476
22266973
22274922
22291308
22313596
22315312
22498077
22504544
22518388
22518466
22587435
22643941
22701212
22707595
22845226
22930540
23005815
23090737
23111903
23169807
23181499
23261134
23289249
23303364
23328383
23340216
23354349
23355087
23436005
23461078
23462141
23538811
23553406
23593452
23631317
23651391
23749862
23808469
23880284
23980012
23984053
24028157
24041241
24074097
24122713
24135522
24143873
24200377
24210213
24218273
24271121
24364370
24391738
24566500
24603398
24638483
24649435
24697445
24709749
24858303
24892944
24944052
24963580
25023536
25031217
25032483
25035947
25058678
25061698
25225288
25225703
25236518
25346065
25431888
25473723
25487872
25544325
25569492
25682942
25688001
25745187
25794228
25841155
25928148
25959987
26077278
26169523
26189252
26269473
26349725
26372864
26522526
26528809
26583246
26601928
26734619
26762701
26767129
26862379
26883951
26995608
27079546
27095949
27160666
27359170
27381641
27399027
27411327
27466363
27513130
27519014
27546172
27563998
27566796
27613404
27635087
27721735
27735944
27856952
27917274
27930257
27965000
27981630
27999124
28044652
28053942
28062450
28153499
28166147
28169894
28338281
28397849
28414582
28422737
28427067
28544367
28562381
28718964
28781636
28819695
28836803
28979045
29060062
29078691
29086386
29122447
29147730
29164691
29174118
29249860
29283125
29372358
29379543
29438702
29491265
29544153
29553071
29572563
29615752
29633801
29635730
29640065
29671136
29675472
29685716
29733041
29759762
29790473
29803011
29859684
29863100
29894384
30062706
30159694
30188147
30211392
30243059
30316771
30380959
30443847
30466795
30505281
30508996
30539219
30570759
30724871
30754581
30809290
30832712
30849733
30880768
30902462
31029653
31158421
31246896
31290153
31467279
31569508
31598031
31664460
31728907
31797030
31964042
32051610
32062592
32199828
32225118
32364686
32390655
32408744
32432573
32435530
32473146
32558100
32704096
32731705
32852664
32898799
32910155
32975153
32999547
33030879
33065588
33080442
33125870
33245196
33251497
33390258
33441313
33466618
33570081
33656065
33704670
33748890
33762446
33778871
33835066
33839196
33879776
34020822
34205063
34297425
34314153
34366423
34379578
34541962
34547488
34602656
34764118
34885281
34886421
34957106
35049933
35135897
35224496
35288449
35326350
35333243
35375362
35409647
35613377
35681466
35861284
36044043
36055047
36513135
36568622
36569508
36667854
36747282
36864269
36864568
36943433
37027692
37123839
37129212
37136597
37153960
37183529
37344242
37514969
37760510
37869214
38014069
38029311
38047658
38050289
38117240
38142964
38408373
38459052
38522521
38591368
38658542
38704999
38869842
39040874
39067296
39274585
39457482
39480753
39512295
39580571
39949574
40054165
40079208
40104748
40126611
40260779
40288965
40289932
40345849
40377553
40560071
40581654
40641332
40723614
40740098
40762588
40818981
40851637
40859189
40883357
40896455
41075122
41145048
41171689
41227670
41344182
41409101
41523006
41667296
41956804
42052034
42059666
42207472
42227710
42712669
42756460
42866446
42908249
43153530
43159284
43205533
43246272
43315357
43342849
43353619
43392671
43436515
43635308
43702517
43707572
43716380
43915214
44069605
44072660
44074922
44106108
44124366
44146925
44195481
44310324
44368168
44473872
44646365
44796218
44913570
44924100
45024371
45278302
45300082
45326260
45435419
45454420
45596343
45707229
45825781
45874112
46061178
46128451
46262214
46343712
46419274
46443990
46544307
46593222
46770973
46908188
47329972
47334871
47537258
47947616
48046841
48199039
48227029
48578534
48748824
48835309
48936772
49152240
49373055
49394596
49417768
49428224
49466495
49588774
49597450
49683955
49700306
49703036
50063987
50178354
50225282
50243393
50253149
50275987
50363856
50401485
50473468
50528927
50682007
50693190
50744432
50747756
50884913
50887753
50966248
51101805
51158635
51318569
51328510
51350081
51447745
51595829
51636397
51699534
51809277
51829183
51911627
52038969
52114044
52255823
52257983
52258093
52308125
52451421
52531614
52629576
52637026
52659748
52817037
52876990
53000662
53034821
53106160
53255394
53297410
53445451
53499426
53686314
53793152
53814066
54080386
54408858
54467721
54473446
54563980
54603940
54630397
54779179
54877583
54902947
54956292
54968210
55197063
55261254
55364813
55426197
55599429
55699655
55707657
55800970
55844493
55873034
55881632
55882730
55901750
56047809
56175608
56246392
56258774
56335797
56341113
56796870
56878809
57195570
57526705
57529728
57691764
57776116
57786580
58016130
58079586
58164806
58308325
58471187
58484311
58495759
58507573
58559227
58730516
58804129
58854272
58855089
58898855
59120292
59148648
59167156
59397463
59542995
60010414
60041987
60214731
60441601
60566015
60663768
60699563
60728111
60728719
60758403
60772356
60857878
60954892
60991099
61010679
61133590
61292151
61656035
61713367
61750509
61924141
61980675
62159871
62306672
62629189
62725600
62858885
62941129
63012012
63064971
63127024
63329499
63374858
63388982
63494986
63796755
63919165
64181544
64261610
64370605
64625803
64635829
64752501
65008015
65287397
65401813
65404213
65434623
65523522
65578647
66062076
66082753
66135980
66231209
66302112
66334960
66390888
66660706
66894248
66938941
67133991
67174336
67194391
67618507
67652157
67678581
67743125
67752898
67802611
67843134
67913120
68170260
68274445
68296011
68319587
68658416
68732939
68928765
68960619
69008105
69119035
69154892
69167464
69187998
69270385
69361567
69434328
69468408
69494293
69527619
69529346
69834035
70369061
70623685
70818050
70866761
71218660
71312041
71649662
71752710
71833316
71862271
71964288
72184121
72226944
72274711
72289578
72292439
72359682
72546074
72948631
73001093
73114082
73476807
73499922
73547347
73548346
73596790
73623602
73826344
73950463
74295980
74314587
74360153
74363940
74918477
75000748
75002095
75281701
75702105
75836263
75848469
76074235
76206437
76359194
76694602
76806717
77774625
78130634
78190029
78402463
78419522
78443447
78632578
78800009
78922995
79252175
79284991
79420279
79462957
79708394
80161864
80252075
80471735
80501597
80508609
80677620
80775718
80865003
81166073
81402437
81438883
81455124
81578376
81709947
81712367
81826989
81910006
82100090
82248316
82270521
82494972
82664150
82700673
82731033
82843172
83155356
83456759
83620926
83775250
84340682
85163888
85532523
85607343
85624817
85830205
85878366
85886404
85974969
86013767
86208350
86244511
86274929
86355395
86359461
86490423
86626856
86833809
87007385
87277760
87371217
87376229
87469062
87477436
87513921
87557129
87791427
87880843
87881590
87903959
87978339
88289940
88311974
88374371
88438610
88550338
88553060
88596467
89047495
89429453
89433834
89721484
89932440
89970704
89971243
89975526
90077802
90102536
90178802
90316802
90348641
90396303
90451023
90478699
90510219
90949521
90967157
91047920
91143346
91211854
91636920
91728556
91856901
91867314
91943256
92001867
92074604
92230056
92327561
92351637
92359986
92456227
92563005
92895311
92905541
93101392
93157298
93197141
93253364
93393228
93477456
93842051
94042304
94060486
94193087
94223661
94232371
94255267
94539161
94811971
94841462
94872431
94900381
95009211
95087102
95288188
95301196
95315521
95767036
95769075
95884801
95937462
96298712
96512480
96520801
96876330
97302247
97302946
97422598
97844570
97944049
97988709
98040128
98216432
98265531
98564947
98582365
98663823
98680328
98976928
99037672
99114821
99235945
99351475
99538493
99638614
99646650
99691948
99806525
100074293
100113743
100351379
100375090
100383292
100578234
100628215
100649078
101147853
101156907
101613577
101652426
101752269
101754786
102449422
102511809
102566028
102691142
102807388
102921791
103056693
103148236
103565305
103903691
104137803
104189340
104248556
104376768
104848583
105366992
105422503
105669988
105870482
106589269
106970876
107152480
107234452
107314367
107363576
107365383
107591643
107759614
107800941
107925025
108683610
109173222
109482637
109803519
110214786
110394088
110676923
110836514
110975147
111018176
111026883
111028500
111055061
111059202
111081570
111486295
111705970
111903084
112262340
112361756
112503029
112576140
113016627
113044261
113822685
113945802
114014685
114129838
114137404
114144311
114264790
114436638
114468120
114513248
114794944
114908962
114957638
115301932
115523020
115700859
116005159
116391069
116407873
116451390
116807535
117014688
117086545
117236961
117264437
117733066
117792024
118034045
118278972
118367825
118385368
118451062
118494239
118509738
118549258
118637727
118698700
118707346
118716526
118769986
119499350
120056304
120467231
120478295
120528939
120904805
120969882
121132977
121452273
121459507
121494976
121591273
122273799
122334053
122344977
122352065
122778615
122814797
123102008
123234607
123566813
123579996
123758008
123884673
124037225
124048112
124053498
124212314
124294484
124315500
124442496
124504335
124730666
124744682
124749494
125371558
125431662
125482020
125555484
125666043
126062804
126154233
126418434
126993707
127396899
127548015
127799124
128242055
128892125
128902826
128924443
129187794
129747083
131208961
131483532
131549709
131582940
131587867
131639207
131685483
131744529
131843730
131855448
131909002
132064440
132314433
132368229
132412271
132432071
132640445
132758546
132774778
133015741
133044462
133077402
133151265
133197748
133251229
133324702
133498392
133524848
133541033
133598373
133641379
133644343
133727353
133745829
133752323
133976964
134035383
134071193
134084944
134091610
134159423
134186516
134200875
134211683
134398028
134547959
134736526
134838073
134856081
134891697
134922972
134937384
134983189
135007628
135277547
135295312
135407962
135471888
135485986
135561753
135641673
135746984
135757531
135832164
135860487
136131771
136132537
136245047
136287279
136364895
136377335
136442245
136488272
136592573
136600667
137097576
137154171
137354054
137509910
137841499
138055016
138109663
138130330
138280398
138448329
138471964
138523385
138660419
138674356
138875173
138912998
138917281
139095979
139140296
139232928
139296622
139469410
139581715
139624596
139633958
139664580
139751570
139766335
139896183
140044856
140108430
140174205
140216835
141207450
141313170
141434777
141565103
141711743
141772359
141775830
141782498
141823168
141851998
141887780
142038283
142088209
142099375
142258901
142297735
142339548
142378294
142444636
142490428
142576741
142636846
142787069
142810056
143029751
143305685
143443246
143562248
143590645
143871110
143936328
143965239
144012122
144171447
144203547
144257694
144301410
144305686
144372334
144388323
144391399
144399196
144666255
144703717
144758338
145101734
145205186
145503451
145521003
145645253
145706281
145715416
145812733
146041301
146200135
146800263
146927628
146938518
147021113
147044320
147161958
147200063
147210654
147292098
147334778
147352842
147440954
147591814
147701963
147975479
148248035
148392093
148404100
148671177
149032681
149278754
149415080
150414433
150460148
150602585
150722631
150743781
150857972
150920504
150978277
151046238
151079158
151228633
151269643
151269735
151366662
151391789
151462033
151470329
151771426
151785487
151804590
151822532
151842891
151921199
151943660
151992762
152036391
152141758
152190866
152235134
152331153
152344006
152348092
152356495
152371333
152576706
152749761
152871007
153019380
153112403
153126828
153157524
153371962
153446673
153665374
153679911
153830699
154070415
154143675
154255943
154284029
154326656
154328875
154361106
154377429
154683794
154785602
154923457
154965012
155118882
155276870
155288769
155413548
155474108
155495119
155584528
155626083
155701216
155711920
156009127
156142511
156161126
156290587
156387484
156583597
156856611
156866430
156969580
157036057
157310478
157382471
158049588
158250062
158449294
158516094
158572148
158694858
158910697
158953100
159195660
159300201
159450102
159868599
160103060
160763244
160813561
160910085
160982218
161117194
161177977
161219470
161236582
161244542
161551848
162121333
162171253
162320200
162322051
162575377
163008459
163086173
163090509
163545086
163629273
163950212
164112845
164233732
164239073
164338453
164357002
164446441
164449438
164475815
164773651
164966015
165000976
165042262
165410474
165541749
165570231
165607302
165609216
165767682
166029757
166184084
166398712
166482241
166547747
166566087
166760782
166787614
166944658
167263455
167575479
167787006
168188356
168190548
168219359
168927404
168964272
169027708
169068350
169471166
169659891
169795776
169938931
170465263
170471290
170552403
170647942
170750712
170926951
170927092
170955846
171251204
171330127
171446650
171755141
171756685
171915101
172145541
172537250
172545880
172645067
172997665
173453251
173668246
173820573
173992164
174131533
174157509
174277928
174348969
174837742
175016229
175079887
175194801
175438340
175582056
176072948
176251027
176284008
176669647
176697392
176879741
176927217
177331854
177499601
177501619
177514517
177522137
177522792
177655677
177750207
177785889
178100749
178154337
178284366
178349639
178389377
178784922
178981245
179010406
179104982
179154391
179175000
179268202
179268897
179291232
179377034
179395122
179444759
179447277
179457346
179481113
179531528
179657863
179729779
179877264
179993292
180090423
180173490
180243598
180267893
180301593
180331922
180634598
180813337
180931336
180969142
181076783
181087974
181214559
181262509
181312557
181708184
181757333
181823008
181824613
181831745
181937853
181974653
182077942
182365665
182393043
182549930
182599466
182611922
182828189
182835493
182926582
183053620
183843480
183986970
184018882
184028731
184166433
184226851
184437182
184599592
185005249
185180219
185181229
185363735
185424075
185567196
185645767
185780391
185787815
185963012
186108295
186425685
186432237
186497354
186766840
186985189
187073223
187215386
187344234
187652236
187945323
188052203
188406016
188472888
188616901
188716409
188723544
188741025
188880407
189010164
189057574
189129196
189309435
189325074
189326902
189589706
189723067
190034166
190212400
190298064
190309046
190336508
190640569
190726922
190755951
190792222
190953995
191373346
191386479
191435182
191453576
191520392
191557909
191709663
191782553
191925142
192294745
192435383
192514722
192645504
193213545
193342534
194165118
194813825
194907622
195349314
195524541
195854223
195887953
195993166
196207547
196291849
196341903
196407606
196664801
196810211
196865257
196954241
197077880
197122393
197147149
197231606
197235936
197285022
197580498
197652378
198004264
198134360
198224890
198626858
198636021
198718071
198739970
198901000
199275035
199440360
199520224
199616162
199955035
199986159
200043345
200187473
200483169
200565142
200614649
200636466
200691611
200842473
200920942
201004279
201244623
201519731
201594374
201602523
201741206
201744039
201968418
201982058
202014939
202054409
202062728
202219181
202237810
202251216
202263277
202348164
202406239
202431340
202455105
202640503
202692046
202836283
202961105
203119621
203364568
203475581
203493304
203588426
203706048
203970491
204036432
204051269
204078055
204369406
204567628
204614540
204828049
204985212
205615191
205659528
205917685
205987328
206050767
206095573
206211525
206223239
206275029
206539243
206622047
206970029
207041094
207092343
207256330
207545235
207563601
207951141
208274110
208472034
208483262
208586848
208948108
209258351
209305734
209655706
209844731
210030077
210037649
210090546
210949818
211041814
211205634
211454142
211554986
211827979
211931160
211960513
211989522
212679323
212899800
213212854
213217159
213309583
213708107
213764009
213985955
214158422
214803300
214942323
215360818
215397043
215455526
215555277
215604645
215665959
215764110
216037177
216224180
216278025
216396218
216549593
217281576
217298731
217383025
217432468
217522556
217761377
217880773
217926470
218089661
218101545
218109580
218237311
218374299
218413014
218424047
218480479
218538743
218571649
218937033
219706686
219722140
219766686
219985676
220085461
220464792
220474639
220554221
220750713
220855730
220909025
221037637
221181729
221284613
221615951
221830213
222077644
222127929
222206144
222251512
222256825
222432219
222443841
222625529
222683423
222746390
222830780
222846905
222847296
222886219
223090509
223161414
223256063
223333184
223350059
223451406
223528032
223546441
223599620
223753928
223794354
223810779
223826061
223878123
223926219
224273592
224372618
224429172
224593477
224646604
224716456
224839435
225211846
225226818
225264269
225291879
225333064
225413022
225823757
225839813
225888146
225970699
226155330
226185945
226235139
226418630
226501163
226542091
226627235
226889745
226996599
227406635
227465589
227502298
227735776
227901017
227922616
228019986
228125797
228170166
228383327
228672846
228860830
228886380
228960484
229102514
229697212
229903510
229957506
230095372
230262986
230398514
230486241
230632586
230769230
231061710
231252779
231643511
231745167
231880958
232139410
232379156
232473458
232724803
232853911
232963923
233008817
233031773
233071431
233097455
233336028
233464649
233509349
233617483
234163761
234466655
234582200
234908524
234995916
235192482
235814879
236054421
236148606
236282618
236463952
236728501
237165917
237205982
237356175
237854495
238004798
238008904
238301836
238477092
238611578
238643627
239030399
239066646
239169820
239223933
239456459
239475517
239985695
240134255
240321632
240376655
240382418
240553330
240602738
240929344
240959443
241374474
241822598
241898959
241947426
241972456
242076546
242709229
243151214
243197856
243232965
243442958
243476637
243582925
243616312
243929587
244348400
244372084
244382396
244716428
244833761
244868006
245059011
245113718
245191490
245244444
245388325
246364889
246424089
246494326
246503059
246535873
247363801
247665406
248017724
248094740
248265232
248271132
248311887
248376451
248770855
248880463
248979794
249143326
250108734
250152812
250415891
250578808
250787100
251177204
251233795
251572991
251585875
251725691
251939812
252101891
253345960
253405121
253468964
253636129
253847260
253932171
254358982
254872812
255424655
255784286
256375609
256690060
256890367
256924224
256931174
257084852
257398117
257450373
257595274
257625980
257646089
257729636
258402057
258755422
258905965
258923149
259141908
259673834
259794349
260756994
260768228
260791829
261087749
261105466
261185467
261594716
261640563
261704005
261718852
261728777
261817797
261843622
262177706
262308871
262422406
262438108
262734767
262772000
263105821
263309017
263312221
263514295
263755133
264054034
264266065
264667606
264885769
264922403
266063831
266232794
266687607
266826199
266865478
266950732
267012432
267311299
267630963
268042974
268263961
268358134
268505472
268640173
268821527
269116991
269127733
269269949
269439555
269654275
269768759
270138034
270403426
270614482
270747852
270796411
270974556
271309270
271384024
271604268
272092741
272173361
272243085
272358491
272480844
272546394
272569992
272788387
272840339
273032582
273034616
273196330
273238139
273405839
274149648
274264360
275090947
275171292
275378914
275418130
275510923
275563766
275746919
275891547
276015148
276061652
276076044
276223523
276306985
276491966
276511963
276588228
276768147
276804787
276935375
277071014
277240144
277368910
277373900
277557952
277618036
277625587
277767652
278374013
278433491
278480813
278500754
278683980
278686617
278882491
279014937
279393105
279501997
279528920
279605318
279811447
279986056
280048829
280083594
280183693
280478795
280608527
280805944
280828627
280890678
280985266
281231740
281291440
281316928
281318649
281534277
281542577
281553757
281846272
282175330
282183783
282252759
282288009
282375943
282384201
282456779
282503203
283088642
283208432
283409115
283427267
283498101
283579687
283615056
283712183
283759608
284010822
284207340
284228318
284928659
285534301
285730483
285827262
285845522
285885719
286004167
286053614
286078979
286195390
286220658
286349569
286494368
286696771
286997167
287164924
287220257
287381054
287907121
287957263
288323318
288471765
288522633
288609341
288694370
288764981
288921606
289035145
289035560
289037085
289107908
289281415
289380930
289605367
289772529
290035534
290037237
290090864
290127760
290495872
290536121
290540616
290621962
290630474
290853428
290893225
290911322
291084050
291102872
291175499
291205060
291257351
291341281
291418768
291444822
291500567
291586003
291710453
291718870
291757739
291819802
291990786
292776459
292824125
292853286
292885974
292958785
292969017
293113640
293114324
293178572
293277525
293671542
293724202
293992819
294007200
294041378
294055461
294089528
294392744
294469300
294494863
294510279
294715847
294906931
295478252
295535223
296330094
296346111
296495517
296855340
296931370
297118576
297355582
297378596
297635385
297641619
298079367
298228786
298264997
298612437
298659004
298659527
298680575
298767694
298780387
298815084
298922300
299095366
299247226
299584414
299647514
299821408
299856562
300008087
300022657
300076908
300165806
300206715
300275496
300335476
300504062
300533174
300595815
300620703
300791101
301020164
301297226
301414244
301441385
301460256
301491267
301509509
301544271
301714888
301911109
301958535
302028465
302206811
302636298
302766146
302851311
303158646
303162814
303222760
303372138
303406547
303450322
303551672
303746202
303748828
303923208
303952276
303972391
304199852
304253497
304346011
304347174
304370548
304563454
304594956
305064198
305293920
305447686
305451170
305885166
306099093
306193999
306466865
306623831
306669329
306949754
307038295
307290159
307472522
308192879
308253921
308269293
308427907
308498094
308883022
308887226
309307693
309369059
309858689
310290844
310953856
311397049
311562701
312870841
313082676
313092428
313973907
314146662
314519063
315449246
316170383
316837355
316990037
317185141
317818762
318010815
318168783
318216559
319017895
319355072
320519708
321062475
321382310
322181510
323158536
323313349
323348988
324877998
325139043
326801260
327336030
327621736
328446886
329178780
329565763
330192123
330622989
330758395
331215178
331254775
331892473
331979964
332513557
332659928
332813403
334037393
334984426
335658725
335676254
335887885
336042231
336208893
336753292
336831010
336852200
337036487
337259713
337623337
338493967
338650011
338958035
340286607
340559079
340636692
342544176
343940612
343977659
344392853
344664066
345509241
345817758
346065028
346173316
346420213
346506084
346898795
346918160
347681948
348716585
349812236
353273361
353749072
361368819
