213332
273883
742766
844345
914457
964551
990826
1076801
1097381
1116013
1141055
1236109
1323169
1326036
1355763
1380897
1451493
1518693
1564073
1575957
1634690
1803590
1841634
990826
1323169
1841634
1894924
1952274
1970040
1978344
1980014
2029200
2071713
2093401
2103171
2148155
2248388
2255866
2288000
2311867
2391684
2398957
2424506
2518885
2588239
2606817
2609293
2624166
2649392
2695565
2736767
2806494
2893074
2926909
2928209
2930767
2945771
3064443
3089508
3150704
3164080
3262825
3264582
3317300
3332275
3361733
3386936
3455871
3489653
3525164
3639302
3647210
3681071
3684208
3696371
3737418
3744337
3778716
3779453
3803006
3818278
3823388
3833941
3865098
3876507
3916527
3948941
3977284
3998858
4020312
4050846
4069680
4075644
4094415
4140218
4147943
4155886
4225047
4249618
4253680
4257050
4285953
4300027
4301295
4380045
4381304
4394672
4404900
4428387
4445655
273883
844345
990826
1323169
1841634
990826
1323169
1841634
1980014
2398957
2945771
3064443
3150704
3164080
4147943
4404900
4445655
4451580
4452042
4471687
4472351
4474712
4476994
4523735
4537450
4584580
4597517
4607917
4613270
4622857
4634075
4650966
4663250
4663385
4669716
4704242
4706721
4715266
4716141
4716826
4719903
4752983
4758989
4807621
4828671
4832463
4840462
4863828
4874707
4876371
4905387
4907830
4909059
4912695
4957183
4959317
5011170
5021130
5059065
5075227
5097579
5100596
5101603
5128541
5132002
5133380
5135814
5144597
5179829
5187693
5190366
5203010
5217756
5243503
5283977
5308030
5314339
5370435
5410075
5410708
5414244
5419988
5452342
5459747
5465793
5486159
5543723
5567545
5598800
5621613
5622918
5671141
5674659
5687039
5694471
5695351
5721350
5733159
5737553
5783593
5795755
5804744
5816878
5848570
5869017
5897717
5905124
5906181
5908543
5913490
5915446
5918793
5934641
5937700
5950645
5958997
5960385
5966876
5979916
6008322
6026356
6042509
6043891
6055812
6087066
6105469
6114923
6118113
6127969
6135142
6147344
6149334
6150595
6158687
6164248
6167465
6193020
6197882
6198187
6202091
6202363
6205947
6218482
6218711
6235154
6239807
6256907
6291503
6315734
6356135
6366034
6406866
6407724
6428089
6436268
6445306
6452525
6456199
6473051
6479876
6484850
6487190
6502459
6502929
6504986
6507268
6507628
6515978
6524428
6577356
6591622
6593701
6598662
6599376
6627565
6637101
6657825
6672814
6675637
6689701
6721065
6751267
6759793
6786579
6790793
6791050
6808507
6812748
6816915
6818222
6819466
6824867
6835105
6861710
6867839
6874264
6879176
6888196
6914275
6924455
6928050
6932651
6934519
6936636
7017816
7034338
7046120
7061179
7061712
7091768
7097982
7101812
7110732
7155771
7158063
7171561
7180237
7184419
7188039
7198598
7198733
7199406
7216770
7224170
7231250
7235997
7236764
7239487
7273216
7280093
7288558
7299940
7322437
7323808
7351491
7355501
7362458
7379137
7423394
7459242
7465422
7470414
7481897
7503986
7505248
7506873
7524933
7525172
7529999
7598702
7655698
7688014
7707915
7715274
7730712
7747390
7753777
7757520
7764523
7772307
7800392
7812810
7815627
7884903
7899866
7916891
7973921
7989453
8002732
8010198
8011217
8011830
8022636
8029019
8045651
8048178
8059441
8089577
8113310
8119716
8122985
8146018
8153701
8165324
8168434
8173390
8208334
8222953
8223913
8243236
8247261
8249986
8269440
8281467
8310235
8321696
8351603
8360861
8392195
8413241
8426717
8442167
8460081
8473276
8482181
8492580
8501002
8562090
8562661
8589838
8602063
8712767
8728314
8744848
8753260
8761896
8763775
8774962
8779454
8817727
8838537
8877560
8878795
8898427
8927060
8951214
8951673
8959541
8978433
8997968
9086785
9098388
9100304
9103891
9214571
9224963
9239547
9285648
9330841
9374464
9379169
9407163
9425976
9438622
9485346
9511266
9511678
9526546
9529608
9545977
9581113
9582877
9592794
9600708
9613341
9632810
9759903
9764543
9841926
9889685
9891376
9910095
9956137
10008094
10010539
10043753
10090227
10108230
10115965
10155332
10161009
10179755
10208116
10244301
10254412
10264224
10266485
10270530
10315960
10321507
10341520
10423577
10454519
10486280
10488263
10527155
10527954
10528471
10555979
10619674
10626779
10655765
10666029
10675437
10693556
10703548
10741537
10753238
10834601
10920507
10929682
10943864
10950589
10951744
10974870
11024139
11024667
11032306
11045448
11083125
11084852
11124299
11134845
11138045
11155788
11155971
11188169
11190364
11204259
11207736
11323480
11373840
11376336
11379378
11382262
11396158
11399251
11458395
11479334
11570412
11597278
11599144
11604489
11620270
11675835
11738345
11810609
11838965
11846098
11850072
11903529
11954953
11959219
11996510
12022122
12057178
12144084
12148280
12246934
12248077
12257162
12293028
12293245
12342988
12374543
12385540
12422265
12463684
12468333
12472556
12513125
12527939
12546670
12576843
12615508
12623776
12778696
12812672
12814916
12817399
12849698
12861683
12888629
12910562
12985278
12990969
12991371
13158944
13244380
13260750
13263826
13297776
13326355
13336192
13385527
13437485
13495647
13562175
13592222
13628563
13653670
13675652
13724574
13775162
13821837
13911020
13920545
13947124
14010540
14047249
14072267
14072613
14121867
14467109
14513588
14522487
14552673
14560480
14564956
14600120
14663889
14700311
14746223
14797222
14809734
14824234
15048660
15111765
15140534
15154020
15166003
15244045
15362174
15411449
15549916
15562838
15594806
15602017
15632778
15703799
15717366
15833305
15841042
15843243
15881597
15890392
15906106
15941429
15941642
15949390
16011537
16018129
16054758
16099972
16142615
16182426
16202968
16215815
16237888
16295122
16360973
16367000
16413044
16415833
16489937
16567217
16593494
16594845
16626637
16657801
16660368
16703710
16727968
16737770
16742898
16793160
16812048
16825828
16952745
16954687
16969067
17023942
17090131
17108633
17142060
17259227
17292827
17326557
17390244
17470271
17495715
17534992
17549329
17570688
17583914
17602713
17746646
17788927
17842203
17851612
17911154
17932631
18020254
18049593
18113517
18199335
18208925
18239350
18258251
18329230
18359613
18363413
18416865
18534101
18565857
18575645
18585446
18588689
18605979
18606800
18623767
18719173
18732858
18775328
18800101
18877275
18902857
19048005
19099332
19165176
19187455
19220240
19271566
19312173
19317526
19410049
19511536
19552307
19557336
19599600
19926266
19933091
20015063
20068370
20127184
20235330
20310841
20512306
20518271
20632665
20636901
20669153
20674317
20733125
20737347
20779075
20926108
21007672
21059535
21077676
21147599
21166542
21184755
21221133
21323829
21664949
21796227
22034518
22188074
22196621
22205071
22258476
22274922
22291308
22315312
22498077
22518388
22518466
22587435
22643941
22930540
23005815
23111903
23169807
23261134
23289249
23303364
23340216
23631317
23639313
23651391
23880284
24028157
24041241
24074097
24135522
24143873
24210213
24218273
24364370
24568823
24603398
24649435
24669590
24697445
24709749
24892944
24944052
24963580
25023536
25058678
25225288
25487872
25544325
25569492
25794228
25959987
26077278
26169523
26269473
26522526
26583246
26762701
26767129
26822572
26862379
26995608
27079546
27160666
27359170
27466363
27513130
27635087
27721735
27856952
27917274
27930257
27965000
28053942
28062450
28169894
28338281
28397849
28422737
28718964
28904330
28979045
29147730
29174118
29283125
29438702
29544153
29553071
29615752
29633801
29685716
29733041
29759762
29790473
29894384
30062706
30159694
30243059
30316771
30380959
30466795
30508996
30539219
30724871
30809290
30849733
30902462
31029653
31246896
31290153
31664460
31797030
32199828
32364686
32390655
32432573
32435530
32473146
32558100
32690942
32852664
32910155
32975153
33030879
33065588
33245196
33390258
33466618
33656065
33762446
33778871
33835066
34192581
34205063
34314153
34366423
34547488
34890240
35135897
35224496
35288449
35375362
35613377
35620886
35961164
36021794
36044043
36055047
36513135
36569508
36667854
36864269
36943433
37027692
37123839
37129212
37136597
37153960
37167008
37183529
37344242
37760510
38014069
38047658
38117240
38175046
38408373
38459052
38658542
38723060
38869842
39040874
39067296
40054165
40079208
40104748
40260779
40288965
40560071
40581654
40641332
40818981
40851637
40859189
40883357
41075122
41145048
41344182
41409101
41523006
41956804
42052034
42310125
42659723
42712669
42866446
43153530
43205533
43315357
43353619
43392671
43436515
43702517
43707572
44072660
44124366
44195481
44445764
44713565
44796218
44913570
45300082
45454420
45596343
45825781
45874112
46061178
46128451
46262214
46443990
46544307
46593222
46908188
47217567
47329972
47537258
48046841
48181642
48199039
48748824
49152240
49373055
49417768
49597450
49683955
49700306
49703036
50063987
50075194
50178354
50210995
50225282
50253149
50275987
50379706
50682007
50693190
50747756
50887753
50893062
50966248
51101805
51269384
51318569
51595829
51636397
51699534
51829183
52257983
52258093
52531614
52629576
52637026
52659748
52817037
52876990
53000662
53034821
53106160
53445451
53499426
53579139
53814066
54080386
54326633
54467721
54473446
54563980
54779179
54968210
55141717
55197063
55426197
55599429
55699655
55800970
55844493
55881632
55901750
56047809
56246392
56258774
56335797
56346529
57195570
57529728
57691764
57776116
58016130
58079586
58471187
58484311
58495759
58507573
58559227
58898855
59120292
59148648
59397463
59695081
60010414
60214731
60656356
60728111
60772356
60954892
60991099
61010679
61292151
61750509
61924141
62159871
62235363
62725600
62858885
62941129
63012012
63064971
63127024
63374858
63388982
63637940
63796755
63919165
64181544
64261610
64370605
65401813
65434623
65523522
65578647
66062076
66660706
67133991
67618507
67678581
68274445
68296011
68658416
68732939
68960619
69008105
69119035
69154892
69167464
69270385
69361567
69494293
69527619
69834035
70623685
70818050
70866761
71312041
71556857
71666062
71752710
71833316
72289578
72546074
73114082
73476807
73548346
74177701
75000748
75002095
75281701
75836263
76074235
76206437
76813170
77774625
78130634
78402463
78419522
78922995
79284991
79462957
80161864
80471735
80677620
80865003
81438883
81712367
81826989
81910006
82100090
82248316
82270521
82494972
82700673
82731033
82843172
83456759
83620926
85163888
85607343
85830205
85878366
85886404
86355395
86359461
86412945
86723206
86833809
87172454
87277760
87371217
87376229
87469062
87477436
87831103
87880843
87881590
87903959
88311974
88438610
88550338
88553060
89047495
89433834
89730392
89932440
89971243
89975526
90348641
90478699
90949521
90967157
90981483
91047920
91245883
91636920
91728556
91856901
91867314
91943256
92327561
92456227
92794241
92895311
92905541
93095310
93157298
93253364
93393228
93477456
94075084
94232371
94255267
94841462
94900381
95087102
95288188
95301196
95315521
95767036
95769075
95884801
95937462
96512480
96520801
96876330
97844570
97988709
98564947
98663823
98680328
98871551
99114821
99235945
99646650
99691948
99806525
100074293
100113743
100375090
100383292
100545957
100551315
100578234
100628215
101147853
101754786
102449422
102511809
102566028
102691142
103565305
103830257
104189340
104248556
105669988
105870482
106970876
107152480
107314367
107363576
107800941
107925025
108683610
108708957
109173222
110214786
110676923
110780155
111018176
111026883
111028500
111055061
111705970
111903084
112361756
112817748
113659692
114014685
114129838
114137404
114144311
114349927
114468120
116391069
116451390
116807535
117733066
117792024
118034045
118278972
118385368
118494239
118509738
118549258
118698700
118716526
118769986
119197314
119499350
120213898
120467231
120528939
120904805
120944090
120969882
121459507
121494976
121685258
122273799
122352065
122363632
122814797
123102008
123566813
123579996
123758008
123884673
124037225
124048112
124053498
124212314
124294484
125371558
125555484
125666043
126062804
126418434
127799124
128892125
131582940
131587867
131639207
131744529
131909002
132064440
132131206
132314433
132368229
132432071
132758546
133044462
133077402
133251229
133498392
133598373
133727353
133745829
133752323
133976964
134035383
134037088
134091610
134186516
134315945
134736526
134922972
134937384
134983189
135277547
135295312
135471888
135485986
135561753
135743602
135746984
136131771
136287279
136364895
136488272
136740197
136939265
137154171
137325656
137841499
138055016
138109663
138280398
138471964
138523385
138660419
138662785
138674356
138875173
138912998
138917281
139095979
139102294
139581715
139624596
139751570
139766335
140108430
140155243
140174205
140216835
141207450
141434777
141711743
141775830
141851998
141905929
142038283
142088209
142099375
142146988
142339548
142378294
142444636
142490428
142576741
142636846
142787069
143185219
143305685
143590645
143629093
143936328
143965239
144012122
144203547
144257694
144305686
144666255
144703717
145205186
145706281
146200135
146938518
147021113
147044320
147161958
147200063
147210654
147334778
147352842
147440954
147975479
148331710
148392093
149032681
150602585
150857972
150920504
150978277
150993583
151269735
151470329
151785487
151822532
151943660
151992762
152141758
152190866
152371333
152576706
153331909
153371962
153446673
153665374
153679911
154143675
154328875
154377429
154511501
154628614
154923457
154965012
155092264
155118882
155413548
155474108
155701216
156161126
156379404
156519196
156856611
156866430
156969580
157726438
158049588
158367503
158534992
159868599
159900396
160112899
160763244
160888277
160910085
160978738
160982218
161117194
161194501
161236582
161244542
161903978
162320200
163090509
163545086
163629273
163849727
164112845
164338453
164349052
164446441
164449438
164966015
165000976
165410474
165570231
165767682
165892784
166184084
166398712
166547747
166566087
166944658
167263455
167575479
168190548
169027708
169421679
169659891
170217263
170926951
170927092
170955846
171251204
171330127
171415569
171446650
171915101
172103224
172545880
172645067
172997665
173453251
174157509
174465990
174547543
174837742
175016229
176251027
176284008
176669647
176927217
177307329
177331854
177501619
177522137
177655677
177750207
178100749
178136876
178154337
178284366
178981245
179154391
179175000
179268897
179299192
179444759
179457346
179657863
179993292
180090423
180173490
180243598
180301593
180400758
180813337
180969142
181087974
181214559
181757333
181823008
181831745
181937853
181974653
182290882
182305870
182365665
182611922
182738598
182926582
183053620
184018882
184028731
184052574
184166433
184437182
184599592
185180219
185787815
185798880
186108295
186425685
186432237
186497354
186985189
187073223
187215386
187652236
188406016
188472888
188880407
189057574
189129196
189309435
189325074
189523671
189589706
189723067
190034166
190093858
190212400
190298064
190336508
190640569
190792222
190953995
191453576
191709663
192514722
193213545
193342534
194165118
194784605
194907622
195126626
195237626
195349314
195494061
195887953
196291849
196341903
196407606
196865257
196954241
197147149
197235936
197285022
197340420
197492366
197580498
198224890
198739970
199520224
199616162
200187473
200483169
200565142
200636466
200691611
200920942
201244623
201602523
201741206
201773395
201968418
201982058
202054409
202062728
202237810
202348164
202961105
202986321
203364568
204036432
204078055
204369406
204567628
205124942
205659528
205987328
206095573
206622047
206970029
207545235
208472034
208948108
209305734
209551968
209655706
209717265
210030077
210662775
211041814
211554986
211827979
211960513
212652646
213212854
213217159
213309583
213630356
213708107
213985955
214803300
214889679
215360818
215455526
215555277
215665959
215764110
216037177
216278025
216396218
216549593
217298731
217384638
217432468
217880773
218089661
218101545
218109580
218237311
218352575
218538743
218571649
218937033
219722140
219985676
220474639
220554221
220750713
220909025
221056774
221284613
221615951
221830213
222127929
222206144
222625529
222746390
222847296
222886219
223161414
223333184
223528032
223599620
223794354
223810779
223826061
223926219
224273592
224593477
224646604
224839435
225144832
225226818
225413022
225839813
226185945
226266543
226501163
226996599
227406635
227735776
227922616
228019986
228034784
228125797
228672846
228860830
228886380
229697212
230282899
230486241
231061710
231252779
231745167
232139410
232473458
232566488
232655304
232853911
233008817
233464649
234163761
234466655
234582200
234908524
235361767
235655583
236148606
236282618
236463952
237205982
237356175
238301836
238477092
238643627
238676887
239066646
239169820
239746829
239985695
240134255
240553330
240929344
242632807
242709229
243442958
243929587
244308624
244335243
244348400
244372084
244382396
244716428
244833761
244868006
245059011
245113718
245244444
246192855
246330885
246535873
247665406
248265232
248311887
248376451
248512712
248770855
248880463
249048088
249884606
250604927
250790402
251233795
251585875
253932171
254733834
254742941
255424655
256173801
256270723
256690060
256890367
257432981
257450373
257625980
257646089
257729636
258402057
258522727
258905965
259673834
260791829
261087749
261185467
261408433
261411194
261594716
261728777
261843622
262422406
262734767
262772000
263309017
263312221
263335449
263551510
264266065
264667606
265638038
266826199
266950732
267630963
268042974
268263961
268625812
268640173
268821527
268885163
269042542
269269949
269439555
269592572
269662699
270138457
270614482
270756947
270796411
271436857
271604268
271998682
272092741
272243085
272569992
272840339
272859560
273032582
273034616
273238139
274264360
275891547
275938060
276023168
276061652
276223523
276511963
277240144
277368910
277373900
277618036
277715036
277793856
278374013
278433491
278744474
279393105
279605318
279811447
279819556
279986056
280048829
280051080
280183693
280225578
280608527
281117636
281303931
281318649
281553757
281736825
281846272
282183783
282375943
283088642
283579687
283615056
283712183
283759608
284228318
285599374
285827262
285845522
286220658
287243059
287482768
287957263
288323318
288522633
288694370
289035560
289107908
289380930
289772529
290090864
290127760
290495872
290630474
290853428
291444822
291500567
291591280
291718870
291819802
291933453
292824125
292853286
293114324
293178572
293671542
293974702
294392744
295478252
295535223
295840102
296346111
296356806
296495517
296931370
297641619
298079367
298228786
298767694
298780387
298784338
299821408
300076908
300275496
300297137
300481650
300504062
300773637
301020164
301491267
301507979
302636298
303162814
303222760
303406547
303450322
303551672
303718715
303746202
303923208
304253497
304370548
304488009
305373747
305447686
305991657
306375398
306451340
307038295
307449772
307514042
307810981
308427907
308883022
309544377
309711405
309858689
310697962
312113901
313092428
313973907
314519063
314827258
314947718
315449246
316170383
316172876
317818762
320519708
321062475
323158536
325139043
325567778
325649171
326801260
327336030
327621736
327635410
327750799
327905747
329565763
330187333
330758395
331365016
331892473
332513557
332659928
334037393
334410763
335639126
335658725
335676254
336042231
336831010
337036487
338265363
338493967
338958035
339222075
340286607
340636692
342544176
344268070
346065028
346173316
346503185
346918160
347353610
347481381
349812236
353749072
358721800
361368819
363213123
