163668
236997
386068
445487
605397
658592
859098
983763
1048666
1079592
1205210
1232677
1552012
1618779
1828771
1899772
1965316
2084630
2185475
2191468
2248275
2302585
2566580
2621908
2765537
2775404
2786204
2862740
2876511
2876734
2924831
2936792
2947286
3026820
3045059
3045627
3086875
3148842
3287523
3397252
3532891
3543901
3603818
3663474
3697214
3729504
3745689
3878130
3985832
4004439
4010404
4033251
4134208
4231208
4405828
4478600
4485704
4563134
4597182
4671987
4674092
4754781
4836949
4868649
4914644
4959170
5032225
5111530
5126622
5171900
5195874
5202618
5209414
5232255
5255227
5273956
5286645
5320230
5334160
5393164
5393714
5434979
5473474
5485302
5494375
5508743
5545471
5552688
5601677
5616603
5662953
5706786
5738750
5749838
5755506
5758104
5776055
5776284
5787143
5789835
5805383
5807837
5815306
5828021
5835792
5852884
5896086
5941432
5956737
5966720
5975841
5976921
5977507
5982586
6038090
6041635
6061082
6074224
6096339
6119543
6119844
6170443
6215208
6251312
6295950
6297180
6349164
6352487
6406188
6417783
6432530
6478819
6485696
6493436
6531779
6553792
6558333
6596389
6596603
6654313
6661905
6706898
6734308
6746573
6754927
6868334
6888066
6893131
6898597
6918653
6920769
6948859
6964589
7038584
7041845
7046054
7057215
7063230
7088571
7096206
7184759
7270975
7273280
7303004
7314383
7333561
7376292
7416398
7525365
7539636
7563121
7566078
7587128
7643734
7651133
7683880
7684142
7684447
7705635
7738874
7781713
7818423
7820182
7842692
7859983
7877282
7880821
7890894
7908018
7910886
7912029
7948398
7974060
7995025
8012221
8012614
8020929
8052196
8054722
8078397
8130145
8151967
8166381
8169442
8170937
8180528
8208362
8215060
8335819
8354794
8385169
8408702
8428418
8441217
8485900
8533439
8539540
8542555
8548989
8617982
8626745
8642484
8651106
8672046
8673831
8700033
8750483
8877308
8905168
8956817
9036480
9059636
9079879
9094947
9097740
9107109
9113342
9170820
9203235
9218001
9219519
9276075
9290853
9300985
9319263
9327296
9367312
9451140
9459423
9516735
9549859
9617064
9651659
9679882
9693679
9696013
9729808
9796145
9796716
9811047
9858886
10004366
10021139
10110213
10111491
10147652
10222490
10228631
10264647
10343315
10360329
10376506
10380256
10402637
10455310
10465787
10487818
10504537
10587544
10647959
10732682
10763039
10768850
10804347
10882080
10887893
10890224
10932054
10957776
11033532
11034587
11045159
11048667
11087274
11144759
11162226
11184635
11207619
11223881
11230265
11251533
11265766
11269669
11328356
11369650
11384554
11389115
11416565
11448258
11461786
11490976
11498340
11566376
11598206
11627520
11683802
11715951
11723552
11723636
11725981
11741458
11743472
11749149
11775936
11792205
11810522
11873179
11917860
11927391
12141916
12161377
12243224
12269939
12324575
12325607
12400724
12401788
12530916
12619019
12627935
12635557
12666989
12762102
12772574
12871101
12907343
12932827
12942605
12947617
13019905
13116833
13132619
13168343
13169487
13182691
13257760
13262940
13276452
13426421
13472200
13490560
13575259
13736789
13758463
13808720
13813829
13852493
13890122
13932042
13950466
13953740
13990887
13991817
14003008
14010290
14021524
14109414
14210502
14343670
14361537
14371813
14397096
14403845
14425022
14454815
14536869
14548486
14710167
14753743
14895058
15127607
15142887
15279482
15305351
15380933
15424763
15567005
15599252
15610217
15621356
15653871
15722218
15732035
15770912
15875364
15878117
15914089
15935641
15947059
15982329
15994040
16025587
16056051
16092208
16106107
16107371
16144127
16156720
16217425
16225086
16321458
16520387
16576190
16687129
16726177
16846851
16861175
16877939
16895341
16953867
17011581
17014259
17023918
17039571
17128153
17182775
17200216
17211139
17263302
17268309
17335147
17340535
17466943
17515957
17526605
17598694
17601202
17627796
17666381
17682942
17735895
17752042
17787293
17813398
17848858
17954149
18005787
18175133
18226088
18235083
18271674
18279230
18281660
18309078
18502381
18517719
18665586
18690809
18735833
18862942
18869873
18949646
19017699
19089822
19096522
19104698
19121726
19139170
19193393
19376774
19426174
19458745
19472532
19486428
19510235
19552439
19560858
19588335
19810624
19841573
19898172
20028742
20055813
20056156
20198809
20227047
20230646
20387590
20393973
20517387
20627259
20652000
20785493
20815725
20930532
21120146
21144366
21176832
21227808
21526207
21611724
21663986
21728078
21754090
22034031
22111586
22193962
22266973
22313596
22504544
22701212
22707595
22845226
23090737
23181499
23328383
23354349
23355087
23436005
23461078
23462141
23538811
23553406
23593452
23749862
23808469
23980012
23984053
24122713
24200377
24271121
24391738
24566500
24638483
24858303
25031217
25032483
25035947
25061698
25225703
25236518
25346065
25431888
25473723
25682942
25688001
25745187
25841155
25928148
26189252
26349725
26372864
26528809
26601928
26734619
26883951
27095949
27381641
27399027
27411327
27519014
27546172
27563998
27566796
27613404
27735944
27981630
27999124
28044652
28153499
28166147
28414582
28427067
28544367
28562381
28781636
28819695
28836803
29060062
29078691
29086386
29122447
29164691
29249860
29372358
29379543
29491265
29572563
29635730
29640065
29671136
29675472
29803011
29859684
29863100
30188147
30211392
30443847
30505281
30570759
30754581
30832712
30880768
31158421
31467279
31569508
31598031
31728907
31964042
32051610
32062592
32225118
32408744
32704096
32731705
32898799
32999547
33080442
33125870
33251497
33441313
33570081
33704670
33748890
33839196
33879776
34020822
34297425
34379578
34541962
34602656
34764118
34885281
34886421
34957106
35049933
35326350
35333243
35409647
35681466
35861284
36568622
36747282
36864568
37514969
37869214
38029311
38050289
38142964
38522521
38591368
38704999
39274585
39457482
39480753
39512295
39580571
39949574
40126611
40289932
40345849
40377553
40723614
40740098
40762588
40896455
41171689
41227670
41667296
42059666
42207472
42227710
42756460
42908249
43159284
43246272
43342849
43635308
43716380
43915214
44069605
44074922
44106108
44146925
44310324
44368168
44473872
44646365
44924100
45024371
45278302
45326260
45435419
45707229
46343712
46419274
46770973
47334871
47947616
48227029
48578534
48835309
48936772
49394596
49428224
49466495
49588774
50243393
50363856
50401485
50473468
50528927
50744432
50884913
51158635
51328510
51350081
51447745
51809277
51911627
52038969
52114044
52255823
52308125
52451421
53255394
53297410
53686314
53793152
54408858
54603940
54630397
54877583
54902947
54956292
55261254
55364813
55707657
55873034
55882730
56175608
56341113
56796870
56878809
57526705
57786580
58164806
58308325
58730516
58804129
58854272
58855089
59167156
59542995
60041987
60441601
60566015
60663768
60699563
60728719
60758403
60857878
61133590
61656035
61713367
61980675
62306672
62629189
63329499
63494986
64625803
64635829
64752501
65008015
65287397
65404213
66082753
66135980
66231209
66302112
66334960
66390888
66894248
66938941
67174336
67194391
67652157
67743125
67752898
67802611
67843134
67913120
68170260
68319587
68928765
69187998
69434328
69468408
69529346
70369061
71218660
71649662
71862271
71964288
72184121
72226944
72274711
72292439
72359682
72948631
73001093
73499922
73547347
73596790
73623602
73826344
73950463
74295980
74314587
74360153
74363940
74918477
75702105
75848469
76359194
76694602
76806717
78190029
78443447
78632578
78800009
79252175
79420279
79708394
80252075
80501597
80508609
80775718
81166073
81402437
81455124
81578376
81709947
82664150
83155356
83775250
84340682
85532523
85624817
85974969
86013767
86208350
86244511
86274929
86490423
86626856
87007385
87513921
87557129
87791427
87978339
88289940
88374371
88596467
89429453
89721484
89970704
90077802
90102536
90178802
90316802
90396303
90451023
90510219
91143346
91211854
92001867
92074604
92230056
92351637
92359986
92563005
93101392
93197141
93842051
94042304
94060486
94193087
94223661
94539161
94811971
94872431
95009211
96298712
97302247
97302946
97422598
97944049
98040128
98216432
98265531
98582365
98976928
99037672
99351475
99538493
99638614
100351379
100649078
101156907
101613577
101652426
101752269
102807388
102921791
103056693
103148236
103903691
104137803
104376768
104848583
105366992
105422503
106589269
107234452
107365383
107591643
107759614
109482637
109803519
110394088
110836514
110975147
111059202
111081570
111486295
112262340
112503029
112576140
113016627
113044261
113822685
113945802
114264790
114436638
114513248
114794944
114908962
114957638
115301932
115523020
115700859
116005159
116407873
117014688
117086545
117236961
117264437
118367825
118451062
118637727
118707346
120056304
120478295
121132977
121452273
121591273
122334053
122344977
122778615
123234607
124315500
124442496
124504335
124730666
124744682
124749494
125431662
125482020
126154233
126993707
127396899
127548015
128242055
128902826
128924443
129187794
129747083
131208961
131483532
131549709
131685483
131843730
131855448
132412271
132640445
132774778
133015741
133151265
133197748
133324702
133524848
133541033
133641379
133644343
134071193
134084944
134159423
134200875
134211683
134398028
134547959
134838073
134856081
134891697
135007628
135407962
135641673
135757531
135832164
135860487
136132537
136245047
136377335
136442245
136592573
136600667
137097576
137354054
137509910
138130330
138448329
139140296
139232928
139296622
139469410
139633958
139664580
139896183
140044856
141313170
141565103
141772359
141782498
141823168
141887780
142258901
142297735
142810056
143029751
143443246
143562248
143871110
144171447
144301410
144372334
144388323
144391399
144399196
144758338
145101734
145503451
145521003
145645253
145715416
145812733
146041301
146800263
146927628
147292098
147591814
147701963
148248035
148404100
148671177
149278754
149415080
150414433
150460148
150722631
150743781
151046238
151079158
151228633
151269643
151366662
151391789
151462033
151771426
151804590
151842891
151921199
152036391
152235134
152331153
152344006
152348092
152356495
152749761
152871007
153019380
153112403
153126828
153157524
153830699
154070415
154255943
154284029
154326656
154361106
154683794
154785602
155276870
155288769
155495119
155584528
155626083
155711920
156009127
156142511
156290587
156387484
156583597
157036057
157310478
157382471
158250062
158449294
158516094
158572148
158694858
158910697
158953100
159195660
159300201
159450102
160103060
160813561
161177977
161219470
161551848
162121333
162171253
162322051
162575377
163008459
163086173
163950212
164233732
164239073
164357002
164475815
164773651
165042262
165541749
165607302
165609216
166029757
166482241
166760782
166787614
167787006
168188356
168219359
168927404
168964272
169068350
169471166
169795776
169938931
170465263
170471290
170552403
170647942
170750712
171755141
171756685
172145541
172537250
173668246
173820573
173992164
174131533
174277928
174348969
175079887
175194801
175438340
175582056
176072948
176697392
176879741
177499601
177514517
177522792
177785889
178349639
178389377
178784922
179010406
179104982
179268202
179291232
179377034
179395122
179447277
179481113
179531528
179729779
179877264
180267893
180331922
180634598
180931336
181076783
181262509
181312557
181708184
181824613
182077942
182393043
182549930
182599466
182828189
182835493
183843480
183986970
184226851
185005249
185181229
185363735
185424075
185567196
185645767
185780391
185963012
186766840
187344234
187945323
188052203
188616901
188716409
188723544
188741025
189010164
189326902
190309046
190726922
190755951
191373346
191386479
191435182
191520392
191557909
191782553
191925142
192294745
192435383
192645504
194813825
195524541
195854223
195993166
196207547
196664801
196810211
197077880
197122393
197231606
197652378
198004264
198134360
198626858
198636021
198718071
198901000
199275035
199440360
199955035
199986159
200043345
200614649
200842473
201004279
201519731
201594374
201744039
202014939
202219181
202251216
202263277
202406239
202431340
202455105
202640503
202692046
202836283
203119621
203475581
203493304
203588426
203706048
203970491
204051269
204614540
204828049
204985212
205615191
205917685
206050767
206211525
206223239
206275029
206539243
207041094
207092343
207256330
207563601
207951141
208274110
208483262
208586848
209258351
209844731
210037649
210090546
210949818
211205634
211454142
211931160
211989522
212679323
212899800
213764009
214158422
214942323
215397043
215604645
216224180
217281576
217383025
217522556
217761377
217926470
218374299
218413014
218424047
218480479
219706686
219766686
220085461
220464792
220855730
221037637
221181729
222077644
222251512
222256825
222432219
222443841
222683423
222830780
222846905
223090509
223256063
223350059
223451406
223546441
223753928
223878123
224372618
224429172
224716456
225211846
225264269
225291879
225333064
225823757
225888146
225970699
226155330
226235139
226418630
226542091
226627235
226889745
227465589
227502298
227901017
228170166
228383327
228960484
229102514
229903510
229957506
230095372
230262986
230398514
230632586
230769230
231643511
231880958
232379156
232724803
232963923
233031773
233071431
233097455
233336028
233509349
233617483
234995916
235192482
235814879
236054421
236728501
237165917
237854495
238004798
238008904
238611578
239030399
239223933
239456459
239475517
240321632
240376655
240382418
240602738
240959443
241374474
241822598
241898959
241947426
241972456
242076546
243151214
243197856
243232965
243476637
243582925
243616312
245191490
245388325
246364889
246424089
246494326
246503059
247363801
248017724
248094740
248271132
248979794
249143326
250108734
250152812
250415891
250578808
250787100
251177204
251572991
251725691
251939812
252101891
253345960
253405121
253468964
253636129
253847260
254358982
254872812
255784286
256375609
256924224
256931174
257084852
257398117
257595274
258755422
258923149
259141908
259794349
260756994
260768228
261105466
261640563
261704005
261718852
261817797
262177706
262308871
262438108
263105821
263514295
263755133
264054034
264885769
264922403
266063831
266232794
266687607
266865478
267012432
267311299
268358134
268505472
269116991
269127733
269654275
269768759
270138034
270403426
270747852
270974556
271309270
271384024
272173361
272358491
272480844
272546394
272788387
273196330
273405839
274149648
275090947
275171292
275378914
275418130
275510923
275563766
275746919
276015148
276076044
276306985
276491966
276588228
276768147
276804787
276935375
277071014
277557952
277625587
277767652
278480813
278500754
278683980
278686617
278882491
279014937
279501997
279528920
280083594
280478795
280805944
280828627
280890678
280985266
281231740
281291440
281316928
281534277
281542577
282175330
282252759
282288009
282384201
282456779
282503203
283208432
283409115
283427267
283498101
284010822
284207340
284928659
285534301
285730483
285885719
286004167
286053614
286078979
286195390
286349569
286494368
286696771
286997167
287164924
287220257
287381054
287907121
288471765
288609341
288764981
288921606
289035145
289037085
289281415
289605367
290035534
290037237
290536121
290540616
290621962
290893225
290911322
291084050
291102872
291175499
291205060
291257351
291341281
291418768
291586003
291710453
291757739
291990786
292776459
292885974
292958785
292969017
293113640
293277525
293724202
293992819
294007200
294041378
294055461
294089528
294469300
294494863
294510279
294715847
294906931
296330094
296855340
297118576
297355582
297378596
297635385
298264997
298612437
298659004
298659527
298680575
298815084
298922300
299095366
299247226
299584414
299647514
299856562
300008087
300022657
300165806
300206715
300335476
300533174
300595815
300620703
300791101
301297226
301414244
301441385
301460256
301509509
301544271
301714888
301911109
301958535
302028465
302206811
302766146
302851311
303158646
303372138
303748828
303952276
303972391
304199852
304346011
304347174
304563454
304594956
305064198
305293920
305451170
305885166
306099093
306193999
306466865
306623831
306669329
306949754
307290159
307472522
308192879
308253921
308269293
308498094
308887226
309307693
309369059
310290844
310953856
311397049
311562701
312870841
313082676
314146662
316837355
316990037
317185141
318010815
318168783
318216559
319017895
319355072
321382310
322181510
323313349
323348988
324877998
328446886
329178780
330192123
330622989
331215178
331254775
331979964
332813403
334984426
335887885
336208893
336753292
336852200
337259713
337623337
338650011
340559079
343940612
343977659
344392853
344664066
345509241
345817758
346420213
346506084
346898795
347681948
348716585
353273361
